// The program input for zkphttps/src/main.leo
[main]
main_cert_bytes: [u8; 4000] = [
     48, 130,   5, 142,  48, 130,   5,  20, 160,   3,
      2,   1,   2,   2,  16,  15, 136, 101,  74, 158,
    110, 123, 166,  61, 168, 123,   4,  71, 202, 109,
     59,  48,  10,   6,   8,  42, 134,  72, 206,  61,
      4,   3,   3,  48,  86,  49,  11,  48,   9,   6,
      3,  85,   4,   6,  19,   2,  85,  83,  49,  21,
     48,  19,   6,   3,  85,   4,  10,  19,  12,  68,
    105, 103, 105,  67, 101, 114, 116,  32,  73, 110,
     99,  49,  48,  48,  46,   6,   3,  85,   4,   3,
     19,  39,  68, 105, 103, 105,  67, 101, 114, 116,
     32,  84,  76,  83,  32,  72, 121,  98, 114, 105,
    100,  32,  69,  67,  67,  32,  83,  72,  65,  51,
     56,  52,  32,  50,  48,  50,  48,  32,  67,  65,
     49,  48,  30,  23,  13,  50,  49,  49,  48,  49,
     52,  48,  48,  48,  48,  48,  48,  90,  23,  13,
     50,  50,  48,  49,  49,  49,  50,  51,  53,  57,
     53,  57,  90,  48, 117,  49,  11,  48,   9,   6,
      3,  85,   4,   6,  19,   2,  85,  83,  49,  19,
     48,  17,   6,   3,  85,   4,   8,  19,  10,  67,
     97, 108, 105, 102, 111, 114, 110, 105,  97,  49,
     22,  48,  20,   6,   3,  85,   4,   7,  19,  13,
     77, 111, 117, 110, 116,  97, 105, 110,  32,  86,
    105, 101, 119,  49,  19,  48,  17,   6,   3,  85,
      4,  10,  19,  10,  71, 111, 111, 103, 108, 101,
     32,  76,  76,  67,  49,  36,  48,  34,   6,   3,
     85,   4,   3,  19,  27, 115, 105, 103, 110, 101,
    100,  45, 101, 120,  99, 104,  97, 110, 103, 101,
     45, 116, 101, 115, 116, 105, 110, 103,  46, 100,
    101, 118,  48,  89,  48,  19,   6,   7,  42, 134,
     72, 206,  61,   2,   1,   6,   8,  42, 134,  72,
    206,  61,   3,   1,   7,   3,  66,   0,   4,   9,
     92,  87, 240, 208,  76,  47, 103,  90,  50,  61,
    246, 113, 243, 188,  62,  69,  70, 185,  73,  43,
     53, 248, 144, 200,  25, 127,   1, 233, 237,  36,
      4,  98,  53,  44, 209,  74,  89, 125,   2, 188,
     98, 217, 158,  83, 217, 214, 209,  37, 242, 199,
    175, 108,  20, 114, 108,  51, 132,  41, 131,  27,
    229, 232,  24, 163, 130,   3, 163,  48, 130,   3,
    159,  48,  31,   6,   3,  85,  29,  35,   4,  24,
     48,  22, 128,  20,  10, 188,   8,  41,  23, 140,
    165,  57, 109, 122,  14, 206,  51, 199,  46, 179,
    237, 251, 195, 122,  48,  29,   6,   3,  85,  29,
     14,   4,  22,   4,  20, 166,  35,  10,  75,  31,
     22, 153, 254, 255, 111,  99, 220,  67, 179, 137,
    207,  65, 161,  32,  95,  48,  38,   6,   3,  85,
     29,  17,   4,  31,  48,  29, 130,  27, 115, 105,
    103, 110, 101, 100,  45, 101, 120,  99, 104,  97,
    110, 103, 101,  45, 116, 101, 115, 116, 105, 110,
    103,  46, 100, 101, 118,  48,  14,   6,   3,  85,
     29,  15,   1,   1, 255,   4,   4,   3,   2,   7,
    128,  48,  29,   6,   3,  85,  29,  37,   4,  22,
     48,  20,   6,   8,  43,   6,   1,   5,   5,   7,
      3,   1,   6,   8,  43,   6,   1,   5,   5,   7,
      3,   2,  48, 129, 155,   6,   3,  85,  29,  31,
      4, 129, 147,  48, 129, 144,  48,  70, 160,  68,
    160,  66, 134,  64, 104, 116, 116, 112,  58,  47,
     47,  99, 114, 108,  51,  46, 100, 105, 103, 105,
     99, 101, 114, 116,  46,  99, 111, 109,  47,  68,
    105, 103, 105,  67, 101, 114, 116,  84,  76,  83,
     72, 121,  98, 114, 105, 100,  69,  67,  67,  83,
     72,  65,  51,  56,  52,  50,  48,  50,  48,  67,
     65,  49,  45,  49,  46,  99, 114, 108,  48,  70,
    160,  68, 160,  66, 134,  64, 104, 116, 116, 112,
     58,  47,  47,  99, 114, 108,  52,  46, 100, 105,
    103, 105,  99, 101, 114, 116,  46,  99, 111, 109,
     47,  68, 105, 103, 105,  67, 101, 114, 116,  84,
     76,  83,  72, 121,  98, 114, 105, 100,  69,  67,
     67,  83,  72,  65,  51,  56,  52,  50,  48,  50,
     48,  67,  65,  49,  45,  49,  46,  99, 114, 108,
     48,  62,   6,   3,  85,  29,  32,   4,  55,  48,
     53,  48,  51,   6,   6, 103, 129,  12,   1,   2,
      2,  48,  41,  48,  39,   6,   8,  43,   6,   1,
      5,   5,   7,   2,   1,  22,  27, 104, 116, 116,
    112,  58,  47,  47, 119, 119, 119,  46, 100, 105,
    103, 105,  99, 101, 114, 116,  46,  99, 111, 109,
     47,  67,  80,  83,  48, 129, 133,   6,   8,  43,
      6,   1,   5,   5,   7,   1,   1,   4, 121,  48,
    119,  48,  36,   6,   8,  43,   6,   1,   5,   5,
      7,  48,   1, 134,  24, 104, 116, 116, 112,  58,
     47,  47, 111,  99, 115, 112,  46, 100, 105, 103,
    105,  99, 101, 114, 116,  46,  99, 111, 109,  48,
     79,   6,   8,  43,   6,   1,   5,   5,   7,  48,
      2, 134,  67, 104, 116, 116, 112,  58,  47,  47,
     99,  97,  99, 101, 114, 116, 115,  46, 100, 105,
    103, 105,  99, 101, 114, 116,  46,  99, 111, 109,
     47,  68, 105, 103, 105,  67, 101, 114, 116,  84,
     76,  83,  72, 121,  98, 114, 105, 100,  69,  67,
     67,  83,  72,  65,  51,  56,  52,  50,  48,  50,
     48,  67,  65,  49,  45,  49,  46,  99, 114, 116,
     48,  12,   6,   3,  85,  29,  19,   1,   1, 255,
      4,   2,  48,   0,  48,  16,   6,  10,  43,   6,
      1,   4,   1, 214, 121,   2,   1,  22,   4,   2,
      5,   0,  48, 130,   1, 126,   6,  10,  43,   6,
      1,   4,   1, 214, 121,   2,   4,   2,   4, 130,
      1, 110,   4, 130,   1, 106,   1, 104,   0, 118,
      0,  41, 121, 190, 240, 158,  57,  57,  33, 240,
     86, 115, 159,  99, 165, 119, 229, 190,  87, 125,
    156,  96,  10, 248, 249,  77,  93,  38,  92,  37,
     93, 199, 132,   0,   0,   1, 124, 127,  23, 156,
    178,   0,   0,   4,   3,   0,  71,  48,  69,   2,
     32, 103,  34,  45, 187, 201,  72,  98, 158, 218,
    181,  97, 131,  99, 135, 223,  25, 224, 145,  83,
    234,  77, 180,  69,  26,  74,  70,  74,  62,  59,
    173, 114,  92,   2,  33,   0, 239, 210,  67,  17,
     31, 151,  81,  52, 219, 237, 219, 108,   8,  62,
    171,  11, 116, 155, 211, 117, 155,  34,  53, 222,
      3,  68, 219, 227, 223, 242,  95, 155,   0, 117,
      0,  81, 163, 176, 245, 253,   1, 121, 156,  86,
    109, 184,  55, 120, 143,  12, 164, 122, 204,  27,
     39, 203, 247, 158, 136,  66, 154,  13, 254, 212,
    139,   5, 229,   0,   0,   1, 124, 127,  23, 157,
     50,   0,   0,   4,   3,   0,  70,  48,  68,   2,
     32,  15, 252, 251, 138, 222, 231, 143,   4,   9,
    130,  18, 129,  32, 138,  81, 142, 253, 216,   8,
    245, 219, 237,  88, 159,  51, 103, 158, 251, 129,
    145, 107,  67,   2,  32, 100,  21,  69,  99, 235,
    113, 188, 122, 221, 252, 118,   7,   1, 198, 197,
    195, 231,  78, 222,  44, 143, 253, 246,  62,  28,
    201,  19, 207,  92,  71, 142, 227,   0, 119,   0,
     65, 200, 202, 177, 223,  34,  70,  74,  16, 198,
    161,  58,   9,  66, 135,  94,  78,  49, 139,  27,
      3, 235, 235,  75, 199, 104, 240, 144,  98, 150,
      6, 246,   0,   0,   1, 124, 127,  23, 156, 198,
      0,   0,   4,   3,   0,  72,  48,  70,   2,  33,
      0, 217, 215, 200, 210,  42, 202,   2, 147,  44,
     74,  15,   9,  81, 126, 191, 140, 117, 254,  38,
    108,  32,  63, 147, 162,  24, 195, 141, 124, 108,
     15, 156, 241,   2,  33,   0, 230,  15, 241, 140,
     99, 151, 124, 129, 217,  49,  98,  96, 194, 200,
    218,   7, 100, 240, 165, 144, 225,  92, 215, 228,
    236,  23, 249, 175, 249, 175, 162,   8,  48,  10,
      6,   8,  42, 134,  72, 206,  61,   4,   3,   3,
      3, 104,   0,  48, 101,   2,  48,  99, 107,  28,
    241, 246, 174, 142, 148, 111, 199, 230, 176,  46,
    177, 196,  92, 128, 102,  34,  93, 240, 248,   1,
     13,  96, 181, 143, 121,  46, 152, 204, 116, 191,
     61, 211, 131,  25,   0,  32,  41,  56, 103, 169,
    238, 178,  63,  98, 185,   2,  49,   0, 165, 231,
     48,  99, 122,  15, 127,  63, 115, 124,  93, 152,
    192,  84, 136,  14, 205,  52,  11,  17, 183,  62,
    209,  39,  59, 241, 190,   8, 151, 150,  23, 237,
     50, 113, 104, 166, 177, 235,   0,  69, 142,  11,
     16, 203, 248, 248, 253, 126,   0,   0,   0,   0,
      0,   0,   0,   0,   0,   0,   0,   0,   0,   0,
      0,   0,   0,   0,   0,   0,   0,   0,   0,   0,
      0,   0,   0,   0,   0,   0,   0,   0,   0,   0,
      0,   0,   0,   0,   0,   0,   0,   0,   0,   0,
      0,   0,   0,   0,   0,   0,   0,   0,   0,   0,
      0,   0,   0,   0,   0,   0,   0,   0,   0,   0,
      0,   0,   0,   0,   0,   0,   0,   0,   0,   0,
      0,   0,   0,   0,   0,   0,   0,   0,   0,   0,
      0,   0,   0,   0,   0,   0,   0,   0,   0,   0,
      0,   0,   0,   0,   0,   0,   0,   0,   0,   0,
      0,   0,   0,   0,   0,   0,   0,   0,   0,   0,
      0,   0,   0,   0,   0,   0,   0,   0,   0,   0,
      0,   0,   0,   0,   0,   0,   0,   0,   0,   0,
      0,   0,   0,   0,   0,   0,   0,   0,   0,   0,
      0,   0,   0,   0,   0,   0,   0,   0,   0,   0,
      0,   0,   0,   0,   0,   0,   0,   0,   0,   0,
      0,   0,   0,   0,   0,   0,   0,   0,   0,   0,
      0,   0,   0,   0,   0,   0,   0,   0,   0,   0,
      0,   0,   0,   0,   0,   0,   0,   0,   0,   0,
      0,   0,   0,   0,   0,   0,   0,   0,   0,   0,
      0,   0,   0,   0,   0,   0,   0,   0,   0,   0,
      0,   0,   0,   0,   0,   0,   0,   0,   0,   0,
      0,   0,   0,   0,   0,   0,   0,   0,   0,   0,
      0,   0,   0,   0,   0,   0,   0,   0,   0,   0,
      0,   0,   0,   0,   0,   0,   0,   0,   0,   0,
      0,   0,   0,   0,   0,   0,   0,   0,   0,   0,
      0,   0,   0,   0,   0,   0,   0,   0,   0,   0,
      0,   0,   0,   0,   0,   0,   0,   0,   0,   0,
      0,   0,   0,   0,   0,   0,   0,   0,   0,   0,
      0,   0,   0,   0,   0,   0,   0,   0,   0,   0,
      0,   0,   0,   0,   0,   0,   0,   0,   0,   0,
      0,   0,   0,   0,   0,   0,   0,   0,   0,   0,
      0,   0,   0,   0,   0,   0,   0,   0,   0,   0,
      0,   0,   0,   0,   0,   0,   0,   0,   0,   0,
      0,   0,   0,   0,   0,   0,   0,   0,   0,   0,
      0,   0,   0,   0,   0,   0,   0,   0,   0,   0,
      0,   0,   0,   0,   0,   0,   0,   0,   0,   0,
      0,   0,   0,   0,   0,   0,   0,   0,   0,   0,
      0,   0,   0,   0,   0,   0,   0,   0,   0,   0,
      0,   0,   0,   0,   0,   0,   0,   0,   0,   0,
      0,   0,   0,   0,   0,   0,   0,   0,   0,   0,
      0,   0,   0,   0,   0,   0,   0,   0,   0,   0,
      0,   0,   0,   0,   0,   0,   0,   0,   0,   0,
      0,   0,   0,   0,   0,   0,   0,   0,   0,   0,
      0,   0,   0,   0,   0,   0,   0,   0,   0,   0,
      0,   0,   0,   0,   0,   0,   0,   0,   0,   0,
      0,   0,   0,   0,   0,   0,   0,   0,   0,   0,
      0,   0,   0,   0,   0,   0,   0,   0,   0,   0,
      0,   0,   0,   0,   0,   0,   0,   0,   0,   0,
      0,   0,   0,   0,   0,   0,   0,   0,   0,   0,
      0,   0,   0,   0,   0,   0,   0,   0,   0,   0,
      0,   0,   0,   0,   0,   0,   0,   0,   0,   0,
      0,   0,   0,   0,   0,   0,   0,   0,   0,   0,
      0,   0,   0,   0,   0,   0,   0,   0,   0,   0,
      0,   0,   0,   0,   0,   0,   0,   0,   0,   0,
      0,   0,   0,   0,   0,   0,   0,   0,   0,   0,
      0,   0,   0,   0,   0,   0,   0,   0,   0,   0,
      0,   0,   0,   0,   0,   0,   0,   0,   0,   0,
      0,   0,   0,   0,   0,   0,   0,   0,   0,   0,
      0,   0,   0,   0,   0,   0,   0,   0,   0,   0,
      0,   0,   0,   0,   0,   0,   0,   0,   0,   0,
      0,   0,   0,   0,   0,   0,   0,   0,   0,   0,
      0,   0,   0,   0,   0,   0,   0,   0,   0,   0,
      0,   0,   0,   0,   0,   0,   0,   0,   0,   0,
      0,   0,   0,   0,   0,   0,   0,   0,   0,   0,
      0,   0,   0,   0,   0,   0,   0,   0,   0,   0,
      0,   0,   0,   0,   0,   0,   0,   0,   0,   0,
      0,   0,   0,   0,   0,   0,   0,   0,   0,   0,
      0,   0,   0,   0,   0,   0,   0,   0,   0,   0,
      0,   0,   0,   0,   0,   0,   0,   0,   0,   0,
      0,   0,   0,   0,   0,   0,   0,   0,   0,   0,
      0,   0,   0,   0,   0,   0,   0,   0,   0,   0,
      0,   0,   0,   0,   0,   0,   0,   0,   0,   0,
      0,   0,   0,   0,   0,   0,   0,   0,   0,   0,
      0,   0,   0,   0,   0,   0,   0,   0,   0,   0,
      0,   0,   0,   0,   0,   0,   0,   0,   0,   0,
      0,   0,   0,   0,   0,   0,   0,   0,   0,   0,
      0,   0,   0,   0,   0,   0,   0,   0,   0,   0,
      0,   0,   0,   0,   0,   0,   0,   0,   0,   0,
      0,   0,   0,   0,   0,   0,   0,   0,   0,   0,
      0,   0,   0,   0,   0,   0,   0,   0,   0,   0,
      0,   0,   0,   0,   0,   0,   0,   0,   0,   0,
      0,   0,   0,   0,   0,   0,   0,   0,   0,   0,
      0,   0,   0,   0,   0,   0,   0,   0,   0,   0,
      0,   0,   0,   0,   0,   0,   0,   0,   0,   0,
      0,   0,   0,   0,   0,   0,   0,   0,   0,   0,
      0,   0,   0,   0,   0,   0,   0,   0,   0,   0,
      0,   0,   0,   0,   0,   0,   0,   0,   0,   0,
      0,   0,   0,   0,   0,   0,   0,   0,   0,   0,
      0,   0,   0,   0,   0,   0,   0,   0,   0,   0,
      0,   0,   0,   0,   0,   0,   0,   0,   0,   0,
      0,   0,   0,   0,   0,   0,   0,   0,   0,   0,
      0,   0,   0,   0,   0,   0,   0,   0,   0,   0,
      0,   0,   0,   0,   0,   0,   0,   0,   0,   0,
      0,   0,   0,   0,   0,   0,   0,   0,   0,   0,
      0,   0,   0,   0,   0,   0,   0,   0,   0,   0,
      0,   0,   0,   0,   0,   0,   0,   0,   0,   0,
      0,   0,   0,   0,   0,   0,   0,   0,   0,   0,
      0,   0,   0,   0,   0,   0,   0,   0,   0,   0,
      0,   0,   0,   0,   0,   0,   0,   0,   0,   0,
      0,   0,   0,   0,   0,   0,   0,   0,   0,   0,
      0,   0,   0,   0,   0,   0,   0,   0,   0,   0,
      0,   0,   0,   0,   0,   0,   0,   0,   0,   0,
      0,   0,   0,   0,   0,   0,   0,   0,   0,   0,
      0,   0,   0,   0,   0,   0,   0,   0,   0,   0,
      0,   0,   0,   0,   0,   0,   0,   0,   0,   0,
      0,   0,   0,   0,   0,   0,   0,   0,   0,   0,
      0,   0,   0,   0,   0,   0,   0,   0,   0,   0,
      0,   0,   0,   0,   0,   0,   0,   0,   0,   0,
      0,   0,   0,   0,   0,   0,   0,   0,   0,   0,
      0,   0,   0,   0,   0,   0,   0,   0,   0,   0,
      0,   0,   0,   0,   0,   0,   0,   0,   0,   0,
      0,   0,   0,   0,   0,   0,   0,   0,   0,   0,
      0,   0,   0,   0,   0,   0,   0,   0,   0,   0,
      0,   0,   0,   0,   0,   0,   0,   0,   0,   0,
      0,   0,   0,   0,   0,   0,   0,   0,   0,   0,
      0,   0,   0,   0,   0,   0,   0,   0,   0,   0,
      0,   0,   0,   0,   0,   0,   0,   0,   0,   0,
      0,   0,   0,   0,   0,   0,   0,   0,   0,   0,
      0,   0,   0,   0,   0,   0,   0,   0,   0,   0,
      0,   0,   0,   0,   0,   0,   0,   0,   0,   0,
      0,   0,   0,   0,   0,   0,   0,   0,   0,   0,
      0,   0,   0,   0,   0,   0,   0,   0,   0,   0,
      0,   0,   0,   0,   0,   0,   0,   0,   0,   0,
      0,   0,   0,   0,   0,   0,   0,   0,   0,   0,
      0,   0,   0,   0,   0,   0,   0,   0,   0,   0,
      0,   0,   0,   0,   0,   0,   0,   0,   0,   0,
      0,   0,   0,   0,   0,   0,   0,   0,   0,   0,
      0,   0,   0,   0,   0,   0,   0,   0,   0,   0,
      0,   0,   0,   0,   0,   0,   0,   0,   0,   0,
      0,   0,   0,   0,   0,   0,   0,   0,   0,   0,
      0,   0,   0,   0,   0,   0,   0,   0,   0,   0,
      0,   0,   0,   0,   0,   0,   0,   0,   0,   0,
      0,   0,   0,   0,   0,   0,   0,   0,   0,   0,
      0,   0,   0,   0,   0,   0,   0,   0,   0,   0,
      0,   0,   0,   0,   0,   0,   0,   0,   0,   0,
      0,   0,   0,   0,   0,   0,   0,   0,   0,   0,
      0,   0,   0,   0,   0,   0,   0,   0,   0,   0,
      0,   0,   0,   0,   0,   0,   0,   0,   0,   0,
      0,   0,   0,   0,   0,   0,   0,   0,   0,   0,
      0,   0,   0,   0,   0,   0,   0,   0,   0,   0,
      0,   0,   0,   0,   0,   0,   0,   0,   0,   0,
      0,   0,   0,   0,   0,   0,   0,   0,   0,   0,
      0,   0,   0,   0,   0,   0,   0,   0,   0,   0,
      0,   0,   0,   0,   0,   0,   0,   0,   0,   0,
      0,   0,   0,   0,   0,   0,   0,   0,   0,   0,
      0,   0,   0,   0,   0,   0,   0,   0,   0,   0,
      0,   0,   0,   0,   0,   0,   0,   0,   0,   0,
      0,   0,   0,   0,   0,   0,   0,   0,   0,   0,
      0,   0,   0,   0,   0,   0,   0,   0,   0,   0,
      0,   0,   0,   0,   0,   0,   0,   0,   0,   0,
      0,   0,   0,   0,   0,   0,   0,   0,   0,   0,
      0,   0,   0,   0,   0,   0,   0,   0,   0,   0,
      0,   0,   0,   0,   0,   0,   0,   0,   0,   0,
      0,   0,   0,   0,   0,   0,   0,   0,   0,   0,
      0,   0,   0,   0,   0,   0,   0,   0,   0,   0,
      0,   0,   0,   0,   0,   0,   0,   0,   0,   0,
      0,   0,   0,   0,   0,   0,   0,   0,   0,   0,
      0,   0,   0,   0,   0,   0,   0,   0,   0,   0,
      0,   0,   0,   0,   0,   0,   0,   0,   0,   0,
      0,   0,   0,   0,   0,   0,   0,   0,   0,   0,
      0,   0,   0,   0,   0,   0,   0,   0,   0,   0,
      0,   0,   0,   0,   0,   0,   0,   0,   0,   0,
      0,   0,   0,   0,   0,   0,   0,   0,   0,   0,
      0,   0,   0,   0,   0,   0,   0,   0,   0,   0,
      0,   0,   0,   0,   0,   0,   0,   0,   0,   0,
      0,   0,   0,   0,   0,   0,   0,   0,   0,   0,
      0,   0,   0,   0,   0,   0,   0,   0,   0,   0,
      0,   0,   0,   0,   0,   0,   0,   0,   0,   0,
      0,   0,   0,   0,   0,   0,   0,   0,   0,   0,
      0,   0,   0,   0,   0,   0,   0,   0,   0,   0,
      0,   0,   0,   0,   0,   0,   0,   0,   0,   0,
      0,   0,   0,   0,   0,   0,   0,   0,   0,   0,
      0,   0,   0,   0,   0,   0,   0,   0,   0,   0,
      0,   0,   0,   0,   0,   0,   0,   0,   0,   0,
      0,   0,   0,   0,   0,   0,   0,   0,   0,   0,
      0,   0,   0,   0,   0,   0,   0,   0,   0,   0,
      0,   0,   0,   0,   0,   0,   0,   0,   0,   0,
      0,   0,   0,   0,   0,   0,   0,   0,   0,   0,
      0,   0,   0,   0,   0,   0,   0,   0,   0,   0,
      0,   0,   0,   0,   0,   0,   0,   0,   0,   0,
      0,   0,   0,   0,   0,   0,   0,   0,   0,   0,
      0,   0,   0,   0,   0,   0,   0,   0,   0,   0,
      0,   0,   0,   0,   0,   0,   0,   0,   0,   0,
      0,   0,   0,   0,   0,   0,   0,   0,   0,   0,
      0,   0,   0,   0,   0,   0,   0,   0,   0,   0,
      0,   0,   0,   0,   0,   0,   0,   0,   0,   0,
      0,   0,   0,   0,   0,   0,   0,   0,   0,   0,
      0,   0,   0,   0,   0,   0,   0,   0,   0,   0,
      0,   0,   0,   0,   0,   0,   0,   0,   0,   0,
      0,   0,   0,   0,   0,   0,   0,   0,   0,   0,
      0,   0,   0,   0,   0,   0,   0,   0,   0,   0,
      0,   0,   0,   0,   0,   0,   0,   0,   0,   0,
      0,   0,   0,   0,   0,   0,   0,   0,   0,   0,
      0,   0,   0,   0,   0,   0,   0,   0,   0,   0,
      0,   0,   0,   0,   0,   0,   0,   0,   0,   0,
      0,   0,   0,   0,   0,   0,   0,   0,   0,   0,
      0,   0,   0,   0,   0,   0,   0,   0,   0,   0,
      0,   0,   0,   0,   0,   0,   0,   0,   0,   0,
      0,   0,   0,   0,   0,   0,   0,   0,   0,   0,
      0,   0,   0,   0,   0,   0,   0,   0,   0,   0,
      0,   0,   0,   0,   0,   0,   0,   0,   0,   0,
      0,   0,   0,   0,   0,   0,   0,   0,   0,   0,
      0,   0,   0,   0,   0,   0,   0,   0,   0,   0,
      0,   0,   0,   0,   0,   0,   0,   0,   0,   0,
      0,   0,   0,   0,   0,   0,   0,   0,   0,   0,
      0,   0,   0,   0,   0,   0,   0,   0,   0,   0,
      0,   0,   0,   0,   0,   0,   0,   0,   0,   0,
      0,   0,   0,   0,   0,   0,   0,   0,   0,   0,
      0,   0,   0,   0,   0,   0,   0,   0,   0,   0,
      0,   0,   0,   0,   0,   0,   0,   0,   0,   0,
      0,   0,   0,   0,   0,   0,   0,   0,   0,   0,
      0,   0,   0,   0,   0,   0,   0,   0,   0,   0,
      0,   0,   0,   0,   0,   0,   0,   0,   0,   0,
      0,   0,   0,   0,   0,   0,   0,   0,   0,   0,
      0,   0,   0,   0,   0,   0,   0,   0,   0,   0,
      0,   0,   0,   0,   0,   0,   0,   0,   0,   0,
      0,   0,   0,   0,   0,   0,   0,   0,   0,   0,
      0,   0,   0,   0,   0,   0,   0,   0,   0,   0,
      0,   0,   0,   0,   0,   0,   0,   0,   0,   0,
      0,   0,   0,   0,   0,   0,   0,   0,   0,   0,
      0,   0,   0,   0,   0,   0,   0,   0,   0,   0,
      0,   0,   0,   0,   0,   0,   0,   0,   0,   0,
      0,   0,   0,   0,   0,   0,   0,   0,   0,   0,
      0,   0,   0,   0,   0,   0,   0,   0,   0,   0,
      0,   0,   0,   0,   0,   0,   0,   0,   0,   0,
      0,   0,   0,   0,   0,   0,   0,   0,   0,   0,
      0,   0,   0,   0,   0,   0,   0,   0,   0,   0,
      0,   0,   0,   0,   0,   0,   0,   0,   0,   0,
      0,   0,   0,   0,   0,   0,   0,   0,   0,   0,
      0,   0,   0,   0,   0,   0,   0,   0,   0,   0,
      0,   0,   0,   0,   0,   0,   0,   0,   0,   0,
      0,   0,   0,   0,   0,   0,   0,   0,   0,   0,
      0,   0,   0,   0,   0,   0,   0,   0,   0,   0,
      0,   0,   0,   0,   0,   0,   0,   0,   0,   0,
      0,   0,   0,   0,   0,   0,   0,   0,   0,   0,
      0,   0,   0,   0,   0,   0,   0,   0,   0,   0,
      0,   0,   0,   0,   0,   0,   0,   0,   0,   0,
      0,   0,   0,   0,   0,   0,   0,   0,   0,   0,
      0,   0,   0,   0,   0,   0,   0,   0,   0,   0,
      0,   0,   0,   0,   0,   0,   0,   0,   0,   0,
      0,   0,   0,   0,   0,   0,   0,   0,   0,   0,
      0,   0,   0,   0,   0,   0,   0,   0,   0,   0,
      0,   0,   0,   0,   0,   0,   0,   0,   0,   0,
      0,   0,   0,   0,   0,   0,   0,   0,   0,   0,
      0,   0,   0,   0,   0,   0,   0,   0,   0,   0,
      0,   0,   0,   0,   0,   0,   0,   0,   0,   0,
      0,   0,   0,   0,   0,   0,   0,   0,   0,   0,
      0,   0,   0,   0,   0,   0,   0,   0,   0,   0,
      0,   0,   0,   0,   0,   0,   0,   0,   0,   0,
      0,   0,   0,   0,   0,   0,   0,   0,   0,   0,
      0,   0,   0,   0,   0,   0,   0,   0,   0,   0,
      0,   0,   0,   0,   0,   0,   0,   0,   0,   0,
      0,   0,   0,   0,   0,   0,   0,   0,   0,   0,
      0,   0,   0,   0,   0,   0,   0,   0,   0,   0,
      0,   0,   0,   0,   0,   0,   0,   0,   0,   0,
      0,   0,   0,   0,   0,   0,   0,   0,   0,   0
];

[registers]
c: bool = false;
